101019,'27364',1418,,10,4,,,0
101019,'27383',2520,,11,4,,,0
101019,'27387',1418,,12,4,,,0
101019,'27416',1053,,14,4,,,0
101019,'27417',1053,,15,4,,,0
101019,'27751',2049,,16,3,,,0
102019,'27380',1600,,17,5,,,0
102019,'27401',1600,,18,5,,,0
102019,'27712',2019,,19,18,,,0
102029,'27343',643,,20,8,,,0
102029,'27348',1014,,21,18,,,0
102029,'27413',1014,,22,18,,,0
201019,'27340',1224,,23,4,,,0
201019,'27341',2138,,24,3,,,0
201019,'27722',1525,,25,4,,,0
202019,'27382',2119,,26,16,,,0
202029,'27345',1109,,27,8,,,0
202029,'27386',1751,,28,5,,,0
