101019,'27364',1230,,10,1,,,0
101019,'27383',2410,,11,2,,,0
101019,'27387',1230,,12,1,,,0
101019,'27416',900,,14,1,,,0
101019,'27417',900,,15,1,,,0
101019,'27751',1950,,16,2,,,0
102019,'27380',1700,,17,6,,,0
102019,'27401',1700,,18,6,,,0
102019,'27712',2128,,19,20,,,0
102029,'27343',745,,20,10,4,,0
102029,'27348',1130,,21,21,4,,0
102029,'27413',1130,,22,21,4,,0
201019,'27340',1025,,23,2,,,0
201019,'27341',2015,,24,1,,,0
201019,'27722',1345,,25,1,,,0
202019,'27382',2224,,26,18,4,,0
202029,'27345',1240,,27,11,4,,0
202029,'27386',1900,,28,7,4,,0
