101019,'27383',2330,,11,1,,,0
101019,'27751',1900,,16,1,,,0
101019,'30009',2330,,70,1,,,0
101019,'30025',1900,,72,1,,,0
102019,'27380',1755,,17,7,4,,0
102019,'27401',1755,,18,7,4,,0
102019,'27712',2200,,19,21,4,,0
102019,'30013',1755,,75,7,4,,0
102019,'30019',2200,,76,21,4,,0
102019,'30021',2200,,77,21,4,,0
102019,'30029',1755,,78,7,4,,0
201019,'27340',1000,,23,1,,,0
201019,'30028',1000,,84,1,,,0
201019,'30041',1000,,85,1,,,0
202019,'27382',2255,,26,19,4,,0
202019,'30010',2300,,86,19,4,,0
202019,'30031',2300,,87,19,4,,0
