90029,'28928',400,,2,1,0,17 2 18 16 19,0
90029,'29168',555,10,3,7,0,17 2 18 16 19,0
91019,'29167',1300,,4,9,4,,0
91019,'29169',2340,10,5,9,0,15 16,0
101019,'27400',1735,,13,1,,,0
101019,'30001',1735,,69,9,4,,0
101019,'30024',1735,,71,9,4,,0
101019,'30025',2410,,72,9,4,,0
101019,'30036',1445,,73,20,4,,0
101019,'30040',1445,,74,20,4,,0
101019,'30089',2840,,92,12,4,,0
102019,'30013',1230,,75,1,,,0
102019,'30019',1620,,76,1,,,0
102019,'30029',1230,,78,1,,,0
102029,'30008',315,,79,1,,,0
102029,'30033',615,,80,1,,,0
102029,'30043',615,,81,1,,,0
301029,'28658',1615,,33,1,0,12,0
301029,'28670',1615,,34,1,0,12,0
301029,'28673',1615,,35,1,0,12,0
302029,'28655',1530,,39,31,4,,0
302029,'28660',1530,,40,31,4,,0
302029,'28661',1530,,41,31,4,,0
501019,'27335',515,,49,1,,,0
501019,'27368',1345,,50,1,,,0
501019,'27398',1550,15,51,18,,,0
502019,'27328',915,,52,8,4,,0
502019,'27419',1540,,53,8,4,,0
502029,'27351',1803,55,54,7,,,0
