101019,'27364',1624,,10,8,,,0
101019,'27383',2722,,11,9,,,0
101019,'27387',1624,,12,8,,,0
101019,'27416',1317,,14,12,,,0
101019,'27417',1317,,15,12,,,0
101019,'27751',2254,,16,8,,,0
101019,'30001',1622,,69,8,,,0
101019,'30009',2812,,70,10,,,0
101019,'30024',1622,,71,8,,,0
101019,'30025',2257,,72,8,,,0
101019,'30036',1305,,73,12,,,0
101019,'30040',1305,,74,12,,,0
102019,'27380',1345,,17,2,,,0
102019,'27401',1345,,18,2,,,0
102019,'27712',1801,,19,9,,,0
102019,'30013',1348,,75,2,,,0
102019,'30019',1803,,76,9,,,0
102019,'30021',1801,,77,9,,,0
102019,'30029',1348,,78,2,,,0
102029,'27343',431,,20,2,,,0
102029,'27348',756,,21,9,,,0
102029,'27413',756,,22,9,,,0
102029,'30008',431,,79,2,,,0
102029,'30033',758,,80,9,,,0
102029,'30043',758,,81,9,,,0
