101019,'27364',1554,15,10,7,,,0
101019,'27383',2637,,11,7,,,0
101019,'27387',1554,15,12,7,,,0
101019,'27416',1240,15,14,10,,,0
101019,'27417',1240,15,15,10,,,0
101019,'27751',2205,,16,6,,,0
101019,'30001',1550,15,69,7,,,0
101019,'30009',2637,,70,7,,,0
101019,'30024',1550,15,71,7,,,0
101019,'30025',2200,,72,6,,,0
101019,'30036',1223,15,73,10,,,0
101019,'30040',1223,15,74,10,,,0
102019,'27380',1430,15,17,3,,,0
102019,'27401',1430,15,18,3,,,0
102019,'27712',1850,15,19,11,,,0
102019,'30013',1433,15,75,3,,,0
102019,'30019',1853,15,76,11,,,0
102019,'30021',1850,15,77,11,,,0
102019,'30029',1433,15,78,3,,,0
102029,'27343',459,,20,3,,,0
102029,'27348',845,15,21,11,,,0
102029,'27413',845,15,22,11,,,0
102029,'30008',500,,79,3,,,0
102029,'30033',845,15,80,11,,,0
102029,'30043',845,15,81,11,,,0
