101019,'27364',1452,,10,5,,,0
101019,'27383',2551,,11,5,,,0
101019,'27387',1452,,12,5,,,0
101019,'27416',1127,,14,5,,,0
101019,'27417',1127,,15,5,,,0
101019,'27751',2119,,16,4,,,0
101019,'30001',1442,,69,5,,,0
101019,'30009',2551,,70,5,,,0
101019,'30024',1442,,71,5,,,0
101019,'30025',2114,,72,4,,,0
101019,'30036',1110,,73,5,,,0
101019,'30040',1110,,74,5,,,0
102019,'27712',1941,,19,16,,,0
102019,'30019',1947,,76,16,,,0
102019,'30021',1941,,77,16,,,0
102029,'27343',607,,20,6,,,0
102029,'27348',936,,21,16,,,0
102029,'27413',936,,22,16,,,0
102029,'30008',607,,79,6,,,0
102029,'30033',942,,80,16,,,0
102029,'30043',942,,81,16,,,0
201019,'27340',1257,,23,5,,,0
201019,'30028',1247,,84,5,,,0
201019,'30041',1247,,85,5,,,0
202019,'27382',2046,,26,14,,,0
202019,'30010',2049,,86,14,,,0
202019,'30031',2049,,87,14,,,0
202029,'27386',1715,,28,3,,,0
202029,'30044',1722,,89,3,,,0
