90019,192,1,0,0
90019,242,2,1,1
90029,242,1,0,0
90029,487,2,0,0
90029,486,3,0,0
90029,485,4,0,0
90029,484,5,0,0
90029,488,6,0,0
90029,205,7,0,0
90029,482,8,0,0
90029,481,9,0,0
90029,480,10,0,0
90029,479,11,0,0
90029,478,12,0,0
90029,477,13,0,0
90029,476,14,0,0
90029,489,15,1,1
91019,489,1,0,0
91019,476,2,0,0
91019,477,3,0,0
91019,478,4,0,0
91019,479,5,0,0
91019,480,6,0,0
91019,481,7,0,0
91019,482,8,0,0
91019,205,9,0,0
91019,488,10,0,0
91019,484,11,0,0
91019,485,12,0,0
91019,486,13,0,0
91019,487,14,0,0
91019,242,15,0,0
91019,192,16,1,1
95019,192,1,0,0
95019,600,2,0,0
95019,612,3,0,0
95019,601,4,0,0
95019,602,5,0,0
95019,603,6,0,0
95019,604,7,0,0
95019,605,8,0,0
95019,606,9,0,0
95019,607,10,0,0
95019,608,11,0,0
95019,609,12,0,0
95019,610,13,0,0
95019,611,14,0,0
95019,115,15,1,1
96019,115,1,0,0
96019,611,2,0,0
96019,610,3,0,0
96019,609,4,0,0
96019,608,5,0,0
96019,607,6,0,0
96019,606,7,0,0
96019,605,8,0,0
96019,604,9,0,0
96019,603,10,0,0
96019,602,11,0,0
96019,601,12,0,0
96019,612,13,0,0
96019,600,14,0,0
96019,192,15,1,1
101019,222,1,0,0
101019,210,2,0,0
101019,219,3,0,0
101019,229,4,0,0
101019,315,5,0,0
101019,301,6,0,0
101019,236,7,0,0
101019,151,8,0,0
101019,152,9,0,0
101019,208,10,0,0
101019,207,11,0,0
101019,235,12,0,0
101019,153,13,0,0
101019,206,14,0,0
101019,154,15,0,0
101019,314,16,1,0
101019,156,17,0,0
101019,157,18,0,0
101019,158,19,0,0
101019,159,20,0,0
101019,160,21,0,0
101019,205,22,0,0
101019,161,23,0,0
101019,119,24,1,1
102019,205,1,0,0
102019,160,2,0,0
102019,159,3,0,0
102019,158,4,0,0
102019,157,5,0,0
102019,156,6,0,0
102019,314,7,1,0
102019,154,8,0,0
102019,206,9,0,0
102019,153,10,0,0
102019,207,11,0,0
102019,208,12,0,0
102019,152,13,0,0
102019,151,14,0,0
102019,150,15,0,0
102019,301,16,0,0
102019,300,17,0,0
102019,315,18,0,0
102019,219,19,1,0
102019,210,20,0,0
102019,222,21,1,1
102029,205,1,0,0
102029,160,2,0,0
102029,159,3,0,0
102029,158,4,0,0
102029,157,5,0,0
102029,156,6,0,0
102029,314,7,1,0
102029,154,8,0,0
102029,206,9,0,0
102029,153,10,0,0
102029,207,11,0,0
102029,208,12,0,0
102029,234,13,0,0
102029,152,14,0,0
102029,151,15,0,0
102029,150,16,0,0
102029,301,17,0,0
102029,300,18,0,0
102029,315,19,0,0
102029,229,20,1,0
102029,219,21,1,0
102029,210,22,1,1
201019,222,1,0,0
201019,210,2,0,0
201019,219,3,0,0
201019,229,4,0,0
201019,315,5,0,0
201019,301,6,0,0
201019,147,7,0,0
201019,145,8,0,0
201019,144,9,0,0
201019,118,10,0,0
201019,142,11,0,0
201019,141,12,0,0
201019,139,13,0,0
201019,138,14,0,0
201019,136,15,0,0
201019,133,16,0,0
201019,402,17,0,0
201019,130,18,0,0
201019,129,19,1,1
202019,129,1,0,0
202019,130,2,0,0
202019,402,3,0,0
202019,133,4,0,0
202019,136,5,0,0
202019,138,6,0,0
202019,139,7,0,0
202019,141,8,0,0
202019,142,9,0,0
202019,118,10,0,0
202019,144,11,0,0
202019,145,12,0,0
202019,147,13,0,0
202019,301,14,0,0
202019,300,15,0,0
202019,315,16,0,0
202019,219,17,0,0
202019,210,18,1,0
202019,222,19,1,1
202029,129,1,0,0
202029,141,2,0,0
202029,142,3,0,0
202029,118,4,0,0
202029,144,5,0,0
202029,145,6,0,0
202029,147,7,0,0
202029,301,8,0,0
202029,300,9,0,0
202029,315,10,0,0
202029,229,11,1,0
202029,219,12,1,0
202029,210,13,1,1
301019,180,1,0,0
301019,188,2,0,0
301019,189,3,0,0
301019,190,4,0,0
301019,191,5,0,0
301019,192,6,1,1
301029,205,1,0,0
301029,161,2,0,0
301029,215,3,0,0
301029,119,4,0,0
301029,162,5,0,0
301029,163,6,0,0
301029,164,7,0,0
301029,165,8,0,0
301029,166,9,0,0
301029,167,10,0,0
301029,168,11,0,0
301029,216,12,0,0
301029,169,13,0,0
301029,170,14,0,0
301029,171,15,0,0
301029,485,16,0,0
301029,218,17,0,0
301029,173,18,0,0
301029,174,19,0,0
301029,175,20,0,0
301029,176,21,0,0
301029,177,22,0,0
301029,178,23,0,0
301029,179,24,0,0
301029,180,25,0,0
301029,181,26,0,0
301029,182,27,0,0
301029,117,28,0,0
301029,184,29,0,0
301029,186,30,0,0
301029,187,31,0,0
301029,217,32,0,0
301029,185,33,0,0
301029,192,35,1,1
302019,192,1,0,0
302019,191,2,0,0
302019,190,3,0,0
302019,189,4,0,0
302019,188,5,0,0
302019,180,6,1,1
302029,192,1,0,0
302029,217,2,0,0
302029,185,3,0,0
302029,187,4,0,0
302029,186,5,0,0
302029,184,6,0,0
302029,117,7,0,0
302029,182,8,0,0
302029,181,9,0,0
302029,180,10,0,0
302029,179,11,0,0
302029,178,12,0,0
302029,237,13,0,0
302029,238,14,0,0
302029,175,15,0,0
302029,174,16,0,0
302029,173,17,0,0
302029,485,18,0,0
302029,218,19,0,0
302029,171,20,0,0
302029,170,21,0,0
302029,169,22,0,0
302029,216,23,0,0
302029,168,24,0,0
302029,167,25,0,0
302029,166,26,0,0
302029,165,27,0,0
302029,164,28,0,0
302029,163,29,0,0
302029,162,30,0,0
302029,119,31,0,0
302029,161,32,0,0
302029,205,33,1,1
401019,185,1,0,0
401019,217,2,0,0
401019,192,3,0,0
401019,194,4,0,0
401019,195,5,0,0
401019,196,6,0,0
401019,197,7,0,0
401019,198,8,0,0
401019,220,9,0,0
401019,200,10,0,0
401019,201,11,0,0
401019,202,12,0,0
401019,203,13,0,0
401019,204,14,1,1
401029,129,1,0,0
401029,128,2,0,0
401029,127,3,0,0
401029,126,4,0,0
401029,125,5,0,0
401029,124,6,0,0
401029,123,7,0,0
401029,122,8,0,0
401029,121,9,0,0
401029,302,10,0,0
401029,185,11,1,1
402019,204,1,0,0
402019,203,2,0,0
402019,202,3,0,0
402019,201,4,0,0
402019,200,5,0,0
402019,220,6,0,0
402019,198,7,0,0
402019,197,8,0,0
402019,196,9,0,0
402019,195,10,0,0
402019,194,11,0,0
402019,192,12,0,0
402019,217,13,0,0
402019,185,14,1,1
402029,185,1,0,0
402029,302,2,0,0
402029,121,3,0,0
402029,122,4,0,0
402029,123,5,0,0
402029,124,6,0,0
402029,125,7,0,0
402029,126,8,0,0
402029,127,9,0,0
402029,128,10,0,0
402029,402,11,0,0
402029,129,12,1,1
501019,551,1,0,0
501019,549,2,0,0
501019,550,3,0,0
501019,474,4,0,0
501019,110,5,0,0
501019,109,6,0,0
501019,108,7,0,0
501019,107,8,0,0
501019,106,9,0,0
501019,239,10,0,0
501019,104,11,0,0
501019,424,12,0,0
501019,425,13,0,0
501019,426,14,0,0
501019,427,15,0,0
501019,103,16,0,0
501019,428,17,0,0
501019,205,18,0,0
501019,215,19,0,0
501019,102,20,0,0
501019,101,21,0,0
501019,100,22,0,0
501019,400,23,0,0
501019,410,24,0,0
501019,129,25,1,1
502019,129,1,0,0
502019,410,2,0,0
502019,400,3,0,0
502019,100,4,0,0
502019,101,5,0,0
502019,102,6,0,0
502019,215,7,0,0
502019,119,8,0,0
502019,205,9,1,1
502029,129,1,0,0
502029,410,2,0,0
502029,400,3,0,0
502029,100,4,0,0
502029,101,5,0,0
502029,102,6,0,0
502029,205,7,0,0
502029,428,8,0,0
502029,103,9,0,0
502029,427,10,0,0
502029,426,11,0,0
502029,425,12,0,0
502029,424,13,0,0
502029,104,14,0,0
502029,105,15,0,0
502029,106,16,0,0
502029,107,17,0,0
502029,108,18,0,0
502029,109,19,0,0
502029,110,20,0,0
502029,474,21,0,0
502029,551,22,0,0
502029,549,23,0,0
502029,550,24,1,1
503019,129,1,0,0
503019,130,2,0,0
503019,402,3,0,0
503019,404,4,0,0
503019,405,5,0,0
503019,406,6,0,0
503019,407,7,0,0
503019,408,8,0,0
503019,409,9,0,0
503019,403,10,0,0
503019,411,11,0,0
503019,430,12,0,0
503019,412,13,0,0
503019,433,14,0,0
503019,413,15,0,0
503019,437,16,0,0
503019,431,17,0,0
503019,435,18,0,0
503019,414,19,0,0
503019,415,20,0,0
503019,417,21,0,0
503019,490,22,1,1
504019,490,1,0,0
504019,417,2,0,0
504019,415,3,0,0
504019,414,4,0,0
504019,435,5,0,0
504019,431,6,0,0
504019,436,7,0,0
504019,413,8,0,0
504019,434,9,0,0
504019,412,10,0,0
504019,432,11,0,0
504019,411,12,0,0
504019,403,13,0,0
504019,409,14,0,0
504019,408,15,0,0
504019,407,16,0,0
504019,406,17,0,0
504019,405,18,0,0
504019,404,19,0,0
504019,402,20,0,0
504019,130,21,0,0
504019,129,22,1,1
601019,490,1,0,0
601019,418,2,0,0
601019,419,3,0,0
601019,421,4,0,0
601019,420,5,0,0
601019,457,6,0,0
601019,422,7,0,0
601019,552,8,0,0
601019,423,9,0,0
601019,475,10,0,0
601019,513,11,0,0
601019,500,12,0,0
601019,501,13,0,0
601019,502,14,0,0
601019,503,15,0,0
601019,504,16,0,0
601019,554,17,0,0
601019,557,18,0,0
601019,508,19,0,0
601019,509,20,0,0
601019,507,21,1,1
602019,507,1,0,0
602019,509,2,0,0
602019,508,3,0,0
602019,557,4,0,0
602019,504,5,0,0
602019,503,6,0,0
602019,502,7,0,0
602019,501,8,0,0
602019,500,9,0,0
602019,553,10,0,0
602019,513,11,0,0
602019,475,12,0,0
602019,423,13,0,0
602019,422,14,0,0
602019,457,15,0,0
602019,420,16,0,0
602019,421,17,0,0
602019,419,18,0,0
602019,418,19,0,0
602019,490,20,1,1
603019,507,1,0,0
603019,544,2,0,0
603019,533,3,0,0
603019,520,4,0,0
603019,521,5,0,0
603019,523,6,0,0
603019,561,7,0,0
603019,524,8,0,0
603019,542,9,0,0
603019,543,10,0,0
603019,541,11,0,0
603019,540,12,0,0
603019,545,13,0,0
603019,539,14,0,0
603019,538,15,0,0
603019,537,16,0,0
603019,536,17,0,0
603019,525,18,0,0
603019,548,19,0,0
603019,535,20,0,0
603019,526,21,0,0
603019,556,22,0,0
603019,528,23,0,0
603019,529,24,1,1
604019,529,1,0,0
604019,528,2,0,0
604019,556,3,0,0
604019,526,4,0,0
604019,534,5,0,0
604019,548,6,0,0
604019,525,7,0,0
604019,536,8,0,0
604019,537,9,0,0
604019,538,10,0,0
604019,539,11,0,0
604019,545,12,0,0
604019,540,13,0,0
604019,541,14,0,0
604019,543,15,0,0
604019,542,16,0,0
604019,524,17,0,0
604019,523,18,0,0
604019,561,19,0,0
604019,521,20,0,0
604019,520,21,0,0
604019,533,22,0,0
604019,544,23,0,0
604019,507,24,1,1
