101019,'27364',1522,,10,6,,,0
101019,'27383',2621,,11,6,,,0
101019,'27387',1522,,12,6,,,0
101019,'27416',1206,,14,9,,,0
101019,'27417',1206,,15,9,,,0
101019,'27751',2150,,16,5,,,0
101019,'30001',1517,,69,6,,,0
101019,'30009',2621,,70,6,,,0
101019,'30024',1517,,71,6,,,0
101019,'30025',2145,,72,5,,,0
101019,'30036',1149,,73,9,,,0
101019,'30040',1149,,74,9,,,0
102019,'27380',1446,,17,4,,,0
102019,'27401',1446,,18,4,,,0
102019,'27712',1906,,19,12,,,0
102019,'30013',1451,,75,4,,,0
102019,'30019',1909,,76,12,,,0
102019,'30021',1906,,77,12,,,0
102019,'30029',1451,,78,4,,,0
102029,'27343',516,,20,4,,,0
102029,'27348',901,,21,12,,,0
102029,'27413',901,,22,12,,,0
102029,'30008',516,,79,4,,,0
102029,'30033',903,,80,12,,,0
102029,'30043',903,,81,12,,,0
