90,90019,'29164',1
90,90029,'28928',2
90,90029,'29168',3
91,91019,'29167',4
91,91019,'29169',5
91,91019,'29170',6
95,95019,'23238',7
96,96019,'23244',8
101,101019,'27400',13
101,101019,'30001',69
101,101019,'30009',70
101,101019,'30024',71
101,101019,'30025',72
101,101019,'30036',73
101,101019,'30040',74
101,101019,'30089',92
102,102019,'30013',75
102,102019,'30019',76
102,102019,'30029',78
102,102029,'30008',79
102,102029,'30033',80
102,102029,'30043',81
201,201019,'29998',82
201,201019,'30002',83
201,201019,'30028',84
201,201019,'30041',85
202,202019,'30010',86
202,202019,'30031',87
202,202029,'29999',88
202,202029,'30044',89
301,301019,'27370',29
301,301029,'27402',30
301,301029,'27405',31
301,301029,'27714',32
301,301029,'28658',33
301,301029,'28670',34
301,301029,'28673',35
302,302019,'27422',36
302,302029,'27727',37
302,302029,'28129',38
302,302029,'28655',39
302,302029,'28660',40
302,302029,'28661',41
401,401019,'27412',42
401,401029,'27371',43
401,401029,'27407',44
402,402019,'27353',46
402,402019,'27710',47
402,402019,'27756',48
402,402029,'24554',45
501,501019,'27335',49
501,501019,'27368',50
501,501019,'27398',51
502,502019,'27328',52
502,502019,'27419',53
502,502029,'27351',54
502,502029,'27420',55
503,503019,'27356',56
504,504019,'27346',57
504,504019,'27406',58
601,601019,'27719',59
602,602019,'27395',60
603,603019,'29166',62
603,603019,'30005',90
604,604019,'29172',68
604,604019,'30039',91
