101019,'27364',1258,,10,2,,,0
101019,'27383',2430,,11,3,,,0
101019,'27387',1258,,12,2,,,0
101019,'27416',930,,14,2,,,0
101019,'27417',930,,15,2,,,0
101019,'30001',1258,,69,2,,,0
101019,'30009',2430,,70,3,,,0
101019,'30024',1258,,71,2,,,0
101019,'30036',925,,73,2,,,0
101019,'30040',925,,74,2,,,0
102019,'27712',2112,,19,19,4,,0
102019,'30019',2113,,76,19,4,,0
102019,'30021',2112,,77,19,4,,0
102029,'27343',731,,20,9,4,,0
102029,'27348',1114,,21,20,4,,0
102029,'27413',1114,,22,20,4,,0
102029,'30008',731,,79,9,4,,0
102029,'30033',1121,,80,20,4,,0
102029,'30043',1121,,81,20,4,,0
201019,'27340',1115,,23,3,,,0
201019,'27341',2040,,24,2,,,0
201019,'27722',1410,,25,2,,,0
201019,'29998',2040,,82,2,,,0
201019,'30002',1410,,83,2,,,0
201019,'30028',1110,,84,3,,,0
201019,'30041',1110,,85,3,,,0
202019,'27382',2210,,26,17,,,0
202019,'30010',2219,,86,17,,,0
202019,'30031',2219,,87,17,,,0
202029,'27345',1215,,27,10,4,,0
202029,'27386',1847,,28,6,4,,0
202029,'29999',1214,,88,10,4,,0
202029,'30044',1855,,89,6,4,,0
