201019,'29998',2535,,82,15,4,,0
201019,'30002',1900,,83,12,4,,0
201019,'30028',1710,,84,16,4,,0
201019,'30041',1710,,85,16,4,,0
202019,'30010',1630,,86,1,,,0
202019,'30031',1630,,87,1,,,0
202029,'29999',710,,88,1,,,0
202029,'30044',1400,,89,1,,,0
401029,'27371',1800,,43,1,,,0
401029,'27407',1800,,44,1,,,0
402019,'27353',1340,,46,12,4,,0
402019,'27710',1340,,47,12,4,,0
402019,'27756',1340,,48,12,4,,0
501019,'27335',655,,49,8,4,,0
501019,'27368',1525,,50,8,4,,0
501019,'27398',1735,,51,25,4,,0
502019,'27328',730,,52,1,,,0
502019,'27419',1400,,53,1,,,0
502029,'27351',1605,,54,1,,,0
503019,'27356',1810,,56,1,,,0
504019,'27346',1515,,57,23,4,,0
504019,'27406',1515,,58,23,4,,0
